Elem #  Node 1  Node 2  Node 3  Node 4
    1       1      32      33       2
    2       2      33      34       3
    3       3      34      35       4
    4       4      35      36       5
    5       5      36      37       6
    6       6      37      38       7
    7       7      38      39       8
    8       8      39      40       9
    9       9      40      41      10
   10      10      41      42      11
   11      11      42      43      12
   12      12      43      44      13
   13      13      44      45      14
   14      14      45      46      15
   15      15      46      47      16
   16      16      47      48      17
   17      17      48      49      18
   18      18      49      50      19
   19      19      50      51      20
   20      20      51      52      21
   21      21      52      53      22
   22      22      53      54      23
   23      23      54      55      24
   24      24      55      56      25
   25      25      56      57      26
   26      26      57      58      27
   27      27      58      59      28
   28      28      59      60      29
   29      29      60      61      30
   30      30      61      62      31
   31      32      63      64      33
   32      33      64      65      34
   33      34      65      66      35
   34      35      66      67      36
   35      36      67      68      37
   36      37      68      69      38
   37      38      69      70      39
   38      39      70      71      40
   39      40      71      72      41
   40      41      72      73      42
   41      42      73      74      43
   42      43      74      75      44
   43      44      75      76      45
   44      45      76      77      46
   45      46      77      78      47
   46      47      78      79      48
   47      48      79      80      49
   48      49      80      81      50
   49      50      81      82      51
   50      51      82      83      52
   51      52      83      84      53
   52      53      84      85      54
   53      54      85      86      55
   54      55      86      87      56
   55      56      87      88      57
   56      57      88      89      58
   57      58      89      90      59
   58      59      90      91      60
   59      60      91      92      61
   60      61      92      93      62
   61      63      94      95      64
   62      64      95      96      65
   63      65      96      97      66
   64      66      97      98      67
   65      67      98      99      68
   66      68      99     100      69
   67      69     100     101      70
   68      70     101     102      71
   69      71     102     103      72
   70      72     103     104      73
   71      73     104     105      74
   72      74     105     106      75
   73      75     106     107      76
   74      76     107     108      77
   75      77     108     109      78
   76      78     109     110      79
   77      79     110     111      80
   78      80     111     112      81
   79      81     112     113      82
   80      82     113     114      83
   81      83     114     115      84
   82      84     115     116      85
   83      85     116     117      86
   84      86     117     118      87
   85      87     118     119      88
   86      88     119     120      89
   87      89     120     121      90
   88      90     121     122      91
   89      91     122     123      92
   90      92     123     124      93
   91      94     125     126      95
   92      95     126     127      96
   93      96     127     128      97
   94      97     128     129      98
   95      98     129     130      99
   96      99     130     131     100
   97     100     131     132     101
   98     101     132     133     102
   99     102     133     134     103
  100     103     134     135     104
  101     104     135     136     105
  102     105     136     137     106
  103     106     137     138     107
  104     107     138     139     108
  105     108     139     140     109
  106     109     140     141     110
  107     110     141     142     111
  108     111     142     143     112
  109     112     143     144     113
  110     113     144     145     114
  111     114     145     146     115
  112     115     146     147     116
  113     116     147     148     117
  114     117     148     149     118
  115     118     149     150     119
  116     119     150     151     120
  117     120     151     152     121
  118     121     152     153     122
  119     122     153     154     123
  120     123     154     155     124
  121     125     156     157     126
  122     126     157     158     127
  123     127     158     159     128
  124     128     159     160     129
  125     129     160     161     130
  126     130     161     162     131
  127     131     162     163     132
  128     132     163     164     133
  129     133     164     165     134
  130     134     165     166     135
  131     135     166     167     136
  132     136     167     168     137
  133     137     168     169     138
  134     138     169     170     139
  135     139     170     171     140
  136     140     171     172     141
  137     141     172     173     142
  138     142     173     174     143
  139     143     174     175     144
  140     144     175     176     145
  141     145     176     177     146
  142     146     177     178     147
  143     147     178     179     148
  144     148     179     180     149
  145     149     180     181     150
  146     150     181     182     151
  147     151     182     183     152
  148     152     183     184     153
  149     153     184     185     154
  150     154     185     186     155
  151     156     187     188     157
  152     157     188     189     158
  153     158     189     190     159
  154     159     190     191     160
  155     160     191     192     161
  156     161     192     193     162
  157     162     193     194     163
  158     163     194     195     164
  159     164     195     196     165
  160     165     196     197     166
  161     166     197     198     167
  162     167     198     199     168
  163     168     199     200     169
  164     169     200     201     170
  165     170     201     202     171
  166     171     202     203     172
  167     172     203     204     173
  168     173     204     205     174
  169     174     205     206     175
  170     175     206     207     176
  171     176     207     208     177
  172     177     208     209     178
  173     178     209     210     179
  174     179     210     211     180
  175     180     211     212     181
  176     181     212     213     182
  177     182     213     214     183
  178     183     214     215     184
  179     184     215     216     185
  180     185     216     217     186
  181     187     218     219     188
  182     188     219     220     189
  183     189     220     221     190
  184     190     221     222     191
  185     191     222     223     192
  186     192     223     224     193
  187     193     224     225     194
  188     194     225     226     195
  189     195     226     227     196
  190     196     227     228     197
  191     197     228     229     198
  192     198     229     230     199
  193     199     230     231     200
  194     200     231     232     201
  195     201     232     233     202
  196     202     233     234     203
  197     203     234     235     204
  198     204     235     236     205
  199     205     236     237     206
  200     206     237     238     207
  201     207     238     239     208
  202     208     239     240     209
  203     209     240     241     210
  204     210     241     242     211
  205     211     242     243     212
  206     212     243     244     213
  207     213     244     245     214
  208     214     245     246     215
  209     215     246     247     216
  210     216     247     248     217
  211     218     249     250     219
  212     219     250     251     220
  213     220     251     252     221
  214     221     252     253     222
  215     222     253     254     223
  216     223     254     255     224
  217     224     255     256     225
  218     225     256     257     226
  219     226     257     258     227
  220     227     258     259     228
  221     228     259     260     229
  222     229     260     261     230
  223     230     261     262     231
  224     231     262     263     232
  225     232     263     264     233
  226     233     264     265     234
  227     234     265     266     235
  228     235     266     267     236
  229     236     267     268     237
  230     237     268     269     238
  231     238     269     270     239
  232     239     270     271     240
  233     240     271     272     241
  234     241     272     273     242
  235     242     273     274     243
  236     243     274     275     244
  237     244     275     276     245
  238     245     276     277     246
  239     246     277     278     247
  240     247     278     279     248
  241     249     280     281     250
  242     250     281     282     251
  243     251     282     283     252
  244     252     283     284     253
  245     253     284     285     254
  246     254     285     286     255
  247     255     286     287     256
  248     256     287     288     257
  249     257     288     289     258
  250     258     289     290     259
  251     259     290     291     260
  252     260     291     292     261
  253     261     292     293     262
  254     262     293     294     263
  255     263     294     295     264
  256     264     295     296     265
  257     265     296     297     266
  258     266     297     298     267
  259     267     298     299     268
  260     268     299     300     269
  261     269     300     301     270
  262     270     301     302     271
  263     271     302     303     272
  264     272     303     304     273
  265     273     304     305     274
  266     274     305     306     275
  267     275     306     307     276
  268     276     307     308     277
  269     277     308     309     278
  270     278     309     310     279
  271     280     311     312     281
  272     281     312     313     282
  273     282     313     314     283
  274     283     314     315     284
  275     284     315     316     285
  276     285     316     317     286
  277     286     317     318     287
  278     287     318     319     288
  279     288     319     320     289
  280     289     320     321     290
  281     290     321     322     291
  282     291     322     323     292
  283     292     323     324     293
  284     293     324     325     294
  285     294     325     326     295
  286     295     326     327     296
  287     296     327     328     297
  288     297     328     329     298
  289     298     329     330     299
  290     299     330     331     300
  291     300     331     332     301
  292     301     332     333     302
  293     302     333     334     303
  294     303     334     335     304
  295     304     335     336     305
  296     305     336     337     306
  297     306     337     338     307
  298     307     338     339     308
  299     308     339     340     309
  300     309     340     341     310
  301     311     342     343     312
  302     312     343     344     313
  303     313     344     345     314
  304     314     345     346     315
  305     315     346     347     316
  306     316     347     348     317
  307     317     348     349     318
  308     318     349     350     319
  309     319     350     351     320
  310     320     351     352     321
  311     321     352     353     322
  312     322     353     354     323
  313     323     354     355     324
  314     324     355     356     325
  315     325     356     357     326
  316     326     357     358     327
  317     327     358     359     328
  318     328     359     360     329
  319     329     360     361     330
  320     330     361     362     331
  321     331     362     363     332
  322     332     363     364     333
  323     333     364     365     334
  324     334     365     366     335
  325     335     366     367     336
  326     336     367     368     337
  327     337     368     369     338
  328     338     369     370     339
  329     339     370     371     340
  330     340     371     372     341
  331     342     373     374     343
  332     343     374     375     344
  333     344     375     376     345
  334     345     376     377     346
  335     346     377     378     347
  336     347     378     379     348
  337     348     379     380     349
  338     349     380     381     350
  339     350     381     382     351
  340     351     382     383     352
  341     352     383     384     353
  342     353     384     385     354
  343     354     385     386     355
  344     355     386     387     356
  345     356     387     388     357
  346     357     388     389     358
  347     358     389     390     359
  348     359     390     391     360
  349     360     391     392     361
  350     361     392     393     362
  351     362     393     394     363
  352     363     394     395     364
  353     364     395     396     365
  354     365     396     397     366
  355     366     397     398     367
  356     367     398     399     368
  357     368     399     400     369
  358     369     400     401     370
  359     370     401     402     371
  360     371     402     403     372
  361     373     404     405     374
  362     374     405     406     375
  363     375     406     407     376
  364     376     407     408     377
  365     377     408     409     378
  366     378     409     410     379
  367     379     410     411     380
  368     380     411     412     381
  369     381     412     413     382
  370     382     413     414     383
  371     383     414     415     384
  372     384     415     416     385
  373     385     416     417     386
  374     386     417     418     387
  375     387     418     419     388
  376     388     419     420     389
  377     389     420     421     390
  378     390     421     422     391
  379     391     422     423     392
  380     392     423     424     393
  381     393     424     425     394
  382     394     425     426     395
  383     395     426     427     396
  384     396     427     428     397
  385     397     428     429     398
  386     398     429     430     399
  387     399     430     431     400
  388     400     431     432     401
  389     401     432     433     402
  390     402     433     434     403
  391     404     435     436     405
  392     405     436     437     406
  393     406     437     438     407
  394     407     438     439     408
  395     408     439     440     409
  396     409     440     441     410
  397     410     441     442     411
  398     411     442     443     412
  399     412     443     444     413
  400     413     444     445     414
  401     414     445     446     415
  402     415     446     447     416
  403     416     447     448     417
  404     417     448     449     418
  405     418     449     450     419
  406     419     450     451     420
  407     420     451     452     421
  408     421     452     453     422
  409     422     453     454     423
  410     423     454     455     424
  411     424     455     456     425
  412     425     456     457     426
  413     426     457     458     427
  414     427     458     459     428
  415     428     459     460     429
  416     429     460     461     430
  417     430     461     462     431
  418     431     462     463     432
  419     432     463     464     433
  420     433     464     465     434
  421     435     466     467     436
  422     436     467     468     437
  423     437     468     469     438
  424     438     469     470     439
  425     439     470     471     440
  426     440     471     472     441
  427     441     472     473     442
  428     442     473     474     443
  429     443     474     475     444
  430     444     475     476     445
  431     445     476     477     446
  432     446     477     478     447
  433     447     478     479     448
  434     448     479     480     449
  435     449     480     481     450
  436     450     481     482     451
  437     451     482     483     452
  438     452     483     484     453
  439     453     484     485     454
  440     454     485     486     455
  441     455     486     487     456
  442     456     487     488     457
  443     457     488     489     458
  444     458     489     490     459
  445     459     490     491     460
  446     460     491     492     461
  447     461     492     493     462
  448     462     493     494     463
  449     463     494     495     464
  450     464     495     496     465
  451     466     497     498     467
  452     467     498     499     468
  453     468     499     500     469
  454     469     500     501     470
  455     470     501     502     471
  456     471     502     503     472
  457     472     503     504     473
  458     473     504     505     474
  459     474     505     506     475
  460     475     506     507     476
  461     476     507     508     477
  462     477     508     509     478
  463     478     509     510     479
  464     479     510     511     480
  465     480     511     512     481
  466     481     512     513     482
  467     482     513     514     483
  468     483     514     515     484
  469     484     515     516     485
  470     485     516     517     486
  471     486     517     518     487
  472     487     518     519     488
  473     488     519     520     489
  474     489     520     521     490
  475     490     521     522     491
  476     491     522     523     492
  477     492     523     524     493
  478     493     524     525     494
  479     494     525     526     495
  480     495     526     527     496
  481     497     528     529     498
  482     498     529     530     499
  483     499     530     531     500
  484     500     531     532     501
  485     501     532     533     502
  486     502     533     534     503
  487     503     534     535     504
  488     504     535     536     505
  489     505     536     537     506
  490     506     537     538     507
  491     507     538     539     508
  492     508     539     540     509
  493     509     540     541     510
  494     510     541     542     511
  495     511     542     543     512
  496     512     543     544     513
  497     513     544     545     514
  498     514     545     546     515
  499     515     546     547     516
  500     516     547     548     517
  501     517     548     549     518
  502     518     549     550     519
  503     519     550     551     520
  504     520     551     552     521
  505     521     552     553     522
  506     522     553     554     523
  507     523     554     555     524
  508     524     555     556     525
  509     525     556     557     526
  510     526     557     558     527
  511     528     559     560     529
  512     529     560     561     530
  513     530     561     562     531
  514     531     562     563     532
  515     532     563     564     533
  516     533     564     565     534
  517     534     565     566     535
  518     535     566     567     536
  519     536     567     568     537
  520     537     568     569     538
  521     538     569     570     539
  522     539     570     571     540
  523     540     571     572     541
  524     541     572     573     542
  525     542     573     574     543
  526     543     574     575     544
  527     544     575     576     545
  528     545     576     577     546
  529     546     577     578     547
  530     547     578     579     548
  531     548     579     580     549
  532     549     580     581     550
  533     550     581     582     551
  534     551     582     583     552
  535     552     583     584     553
  536     553     584     585     554
  537     554     585     586     555
  538     555     586     587     556
  539     556     587     588     557
  540     557     588     589     558
  541     559     590     591     560
  542     560     591     592     561
  543     561     592     593     562
  544     562     593     594     563
  545     563     594     595     564
  546     564     595     596     565
  547     565     596     597     566
  548     566     597     598     567
  549     567     598     599     568
  550     568     599     600     569
  551     569     600     601     570
  552     570     601     602     571
  553     571     602     603     572
  554     572     603     604     573
  555     573     604     605     574
  556     574     605     606     575
  557     575     606     607     576
  558     576     607     608     577
  559     577     608     609     578
  560     578     609     610     579
  561     579     610     611     580
  562     580     611     612     581
  563     581     612     613     582
  564     582     613     614     583
  565     583     614     615     584
  566     584     615     616     585
  567     585     616     617     586
  568     586     617     618     587
  569     587     618     619     588
  570     588     619     620     589
  571     590     621     622     591
  572     591     622     623     592
  573     592     623     624     593
  574     593     624     625     594
  575     594     625     626     595
  576     595     626     627     596
  577     596     627     628     597
  578     597     628     629     598
  579     598     629     630     599
  580     599     630     631     600
  581     600     631     632     601
  582     601     632     633     602
  583     602     633     634     603
  584     603     634     635     604
  585     604     635     636     605
  586     605     636     637     606
  587     606     637     638     607
  588     607     638     639     608
  589     608     639     640     609
  590     609     640     641     610
  591     610     641     642     611
  592     611     642     643     612
  593     612     643     644     613
  594     613     644     645     614
  595     614     645     646     615
  596     615     646     647     616
  597     616     647     648     617
  598     617     648     649     618
  599     618     649     650     619
  600     619     650     651     620
  601     621     652     653     622
  602     622     653     654     623
  603     623     654     655     624
  604     624     655     656     625
  605     625     656     657     626
  606     626     657     658     627
  607     627     658     659     628
  608     628     659     660     629
  609     629     660     661     630
  610     630     661     662     631
  611     631     662     663     632
  612     632     663     664     633
  613     633     664     665     634
  614     634     665     666     635
  615     635     666     667     636
  616     636     667     668     637
  617     637     668     669     638
  618     638     669     670     639
  619     639     670     671     640
  620     640     671     672     641
  621     641     672     673     642
  622     642     673     674     643
  623     643     674     675     644
  624     644     675     676     645
  625     645     676     677     646
  626     646     677     678     647
  627     647     678     679     648
  628     648     679     680     649
  629     649     680     681     650
  630     650     681     682     651
  631     652     683     684     653
  632     653     684     685     654
  633     654     685     686     655
  634     655     686     687     656
  635     656     687     688     657
  636     657     688     689     658
  637     658     689     690     659
  638     659     690     691     660
  639     660     691     692     661
  640     661     692     693     662
  641     662     693     694     663
  642     663     694     695     664
  643     664     695     696     665
  644     665     696     697     666
  645     666     697     698     667
  646     667     698     699     668
  647     668     699     700     669
  648     669     700     701     670
  649     670     701     702     671
  650     671     702     703     672
  651     672     703     704     673
  652     673     704     705     674
  653     674     705     706     675
  654     675     706     707     676
  655     676     707     708     677
  656     677     708     709     678
  657     678     709     710     679
  658     679     710     711     680
  659     680     711     712     681
  660     681     712     713     682
  661     683     714     715     684
  662     684     715     716     685
  663     685     716     717     686
  664     686     717     718     687
  665     687     718     719     688
  666     688     719     720     689
  667     689     720     721     690
  668     690     721     722     691
  669     691     722     723     692
  670     692     723     724     693
  671     693     724     725     694
  672     694     725     726     695
  673     695     726     727     696
  674     696     727     728     697
  675     697     728     729     698
  676     698     729     730     699
  677     699     730     731     700
  678     700     731     732     701
  679     701     732     733     702
  680     702     733     734     703
  681     703     734     735     704
  682     704     735     736     705
  683     705     736     737     706
  684     706     737     738     707
  685     707     738     739     708
  686     708     739     740     709
  687     709     740     741     710
  688     710     741     742     711
  689     711     742     743     712
  690     712     743     744     713
  691     714     745     746     715
  692     715     746     747     716
  693     716     747     748     717
  694     717     748     749     718
  695     718     749     750     719
  696     719     750     751     720
  697     720     751     752     721
  698     721     752     753     722
  699     722     753     754     723
  700     723     754     755     724
  701     724     755     756     725
  702     725     756     757     726
  703     726     757     758     727
  704     727     758     759     728
  705     728     759     760     729
  706     729     760     761     730
  707     730     761     762     731
  708     731     762     763     732
  709     732     763     764     733
  710     733     764     765     734
  711     734     765     766     735
  712     735     766     767     736
  713     736     767     768     737
  714     737     768     769     738
  715     738     769     770     739
  716     739     770     771     740
  717     740     771     772     741
  718     741     772     773     742
  719     742     773     774     743
  720     743     774     775     744
  721     745     776     777     746
  722     746     777     778     747
  723     747     778     779     748
  724     748     779     780     749
  725     749     780     781     750
  726     750     781     782     751
  727     751     782     783     752
  728     752     783     784     753
  729     753     784     785     754
  730     754     785     786     755
  731     755     786     787     756
  732     756     787     788     757
  733     757     788     789     758
  734     758     789     790     759
  735     759     790     791     760
  736     760     791     792     761
  737     761     792     793     762
  738     762     793     794     763
  739     763     794     795     764
  740     764     795     796     765
  741     765     796     797     766
  742     766     797     798     767
  743     767     798     799     768
  744     768     799     800     769
  745     769     800     801     770
  746     770     801     802     771
  747     771     802     803     772
  748     772     803     804     773
  749     773     804     805     774
  750     774     805     806     775
  751     776     807     808     777
  752     777     808     809     778
  753     778     809     810     779
  754     779     810     811     780
  755     780     811     812     781
  756     781     812     813     782
  757     782     813     814     783
  758     783     814     815     784
  759     784     815     816     785
  760     785     816     817     786
  761     786     817     818     787
  762     787     818     819     788
  763     788     819     820     789
  764     789     820     821     790
  765     790     821     822     791
  766     791     822     823     792
  767     792     823     824     793
  768     793     824     825     794
  769     794     825     826     795
  770     795     826     827     796
  771     796     827     828     797
  772     797     828     829     798
  773     798     829     830     799
  774     799     830     831     800
  775     800     831     832     801
  776     801     832     833     802
  777     802     833     834     803
  778     803     834     835     804
  779     804     835     836     805
  780     805     836     837     806
  781     807     838     839     808
  782     808     839     840     809
  783     809     840     841     810
  784     810     841     842     811
  785     811     842     843     812
  786     812     843     844     813
  787     813     844     845     814
  788     814     845     846     815
  789     815     846     847     816
  790     816     847     848     817
  791     817     848     849     818
  792     818     849     850     819
  793     819     850     851     820
  794     820     851     852     821
  795     821     852     853     822
  796     822     853     854     823
  797     823     854     855     824
  798     824     855     856     825
  799     825     856     857     826
  800     826     857     858     827
  801     827     858     859     828
  802     828     859     860     829
  803     829     860     861     830
  804     830     861     862     831
  805     831     862     863     832
  806     832     863     864     833
  807     833     864     865     834
  808     834     865     866     835
  809     835     866     867     836
  810     836     867     868     837
  811     838     869     870     839
  812     839     870     871     840
  813     840     871     872     841
  814     841     872     873     842
  815     842     873     874     843
  816     843     874     875     844
  817     844     875     876     845
  818     845     876     877     846
  819     846     877     878     847
  820     847     878     879     848
  821     848     879     880     849
  822     849     880     881     850
  823     850     881     882     851
  824     851     882     883     852
  825     852     883     884     853
  826     853     884     885     854
  827     854     885     886     855
  828     855     886     887     856
  829     856     887     888     857
  830     857     888     889     858
  831     858     889     890     859
  832     859     890     891     860
  833     860     891     892     861
  834     861     892     893     862
  835     862     893     894     863
  836     863     894     895     864
  837     864     895     896     865
  838     865     896     897     866
  839     866     897     898     867
  840     867     898     899     868
  841     869     900     901     870
  842     870     901     902     871
  843     871     902     903     872
  844     872     903     904     873
  845     873     904     905     874
  846     874     905     906     875
  847     875     906     907     876
  848     876     907     908     877
  849     877     908     909     878
  850     878     909     910     879
  851     879     910     911     880
  852     880     911     912     881
  853     881     912     913     882
  854     882     913     914     883
  855     883     914     915     884
  856     884     915     916     885
  857     885     916     917     886
  858     886     917     918     887
  859     887     918     919     888
  860     888     919     920     889
  861     889     920     921     890
  862     890     921     922     891
  863     891     922     923     892
  864     892     923     924     893
  865     893     924     925     894
  866     894     925     926     895
  867     895     926     927     896
  868     896     927     928     897
  869     897     928     929     898
  870     898     929     930     899
  871     900     931     932     901
  872     901     932     933     902
  873     902     933     934     903
  874     903     934     935     904
  875     904     935     936     905
  876     905     936     937     906
  877     906     937     938     907
  878     907     938     939     908
  879     908     939     940     909
  880     909     940     941     910
  881     910     941     942     911
  882     911     942     943     912
  883     912     943     944     913
  884     913     944     945     914
  885     914     945     946     915
  886     915     946     947     916
  887     916     947     948     917
  888     917     948     949     918
  889     918     949     950     919
  890     919     950     951     920
  891     920     951     952     921
  892     921     952     953     922
  893     922     953     954     923
  894     923     954     955     924
  895     924     955     956     925
  896     925     956     957     926
  897     926     957     958     927
  898     927     958     959     928
  899     928     959     960     929
  900     929     960     961     930
