Node #   X-coord    Y-coord
    1    0.0000000000E+00  0.0000000000E+00
    2    0.0000000000E+00  3.3333333333E-01
    3    0.0000000000E+00  6.6666666667E-01
    4    0.0000000000E+00  1.0000000000E+00
    5    0.0000000000E+00  1.3333333333E+00
    6    0.0000000000E+00  1.6666666667E+00
    7    0.0000000000E+00  2.0000000000E+00
    8    0.0000000000E+00  2.3333333333E+00
    9    0.0000000000E+00  2.6666666667E+00
   10    0.0000000000E+00  3.0000000000E+00
   11    0.0000000000E+00  3.3333333333E+00
   12    0.0000000000E+00  3.6666666667E+00
   13    0.0000000000E+00  4.0000000000E+00
   14    0.0000000000E+00  4.3333333333E+00
   15    0.0000000000E+00  4.6666666667E+00
   16    0.0000000000E+00  5.0000000000E+00
   17    0.0000000000E+00  5.3333333333E+00
   18    0.0000000000E+00  5.6666666667E+00
   19    0.0000000000E+00  6.0000000000E+00
   20    0.0000000000E+00  6.3333333333E+00
   21    0.0000000000E+00  6.6666666667E+00
   22    0.0000000000E+00  7.0000000000E+00
   23    0.0000000000E+00  7.3333333333E+00
   24    0.0000000000E+00  7.6666666667E+00
   25    0.0000000000E+00  8.0000000000E+00
   26    0.0000000000E+00  8.3333333333E+00
   27    0.0000000000E+00  8.6666666667E+00
   28    0.0000000000E+00  9.0000000000E+00
   29    0.0000000000E+00  9.3333333333E+00
   30    0.0000000000E+00  9.6666666667E+00
   31    0.0000000000E+00  1.0000000000E+01
   32    3.3333333333E-01  0.0000000000E+00
   33    3.3333333333E-01  3.3333333333E-01
   34    3.3333333333E-01  6.6666666667E-01
   35    3.3333333333E-01  1.0000000000E+00
   36    3.3333333333E-01  1.3333333333E+00
   37    3.3333333333E-01  1.6666666667E+00
   38    3.3333333333E-01  2.0000000000E+00
   39    3.3333333333E-01  2.3333333333E+00
   40    3.3333333333E-01  2.6666666667E+00
   41    3.3333333333E-01  3.0000000000E+00
   42    3.3333333333E-01  3.3333333333E+00
   43    3.3333333333E-01  3.6666666667E+00
   44    3.3333333333E-01  4.0000000000E+00
   45    3.3333333333E-01  4.3333333333E+00
   46    3.3333333333E-01  4.6666666667E+00
   47    3.3333333333E-01  5.0000000000E+00
   48    3.3333333333E-01  5.3333333333E+00
   49    3.3333333333E-01  5.6666666667E+00
   50    3.3333333333E-01  6.0000000000E+00
   51    3.3333333333E-01  6.3333333333E+00
   52    3.3333333333E-01  6.6666666667E+00
   53    3.3333333333E-01  7.0000000000E+00
   54    3.3333333333E-01  7.3333333333E+00
   55    3.3333333333E-01  7.6666666667E+00
   56    3.3333333333E-01  8.0000000000E+00
   57    3.3333333333E-01  8.3333333333E+00
   58    3.3333333333E-01  8.6666666667E+00
   59    3.3333333333E-01  9.0000000000E+00
   60    3.3333333333E-01  9.3333333333E+00
   61    3.3333333333E-01  9.6666666667E+00
   62    3.3333333333E-01  1.0000000000E+01
   63    6.6666666667E-01  0.0000000000E+00
   64    6.6666666667E-01  3.3333333333E-01
   65    6.6666666667E-01  6.6666666667E-01
   66    6.6666666667E-01  1.0000000000E+00
   67    6.6666666667E-01  1.3333333333E+00
   68    6.6666666667E-01  1.6666666667E+00
   69    6.6666666667E-01  2.0000000000E+00
   70    6.6666666667E-01  2.3333333333E+00
   71    6.6666666667E-01  2.6666666667E+00
   72    6.6666666667E-01  3.0000000000E+00
   73    6.6666666667E-01  3.3333333333E+00
   74    6.6666666667E-01  3.6666666667E+00
   75    6.6666666667E-01  4.0000000000E+00
   76    6.6666666667E-01  4.3333333333E+00
   77    6.6666666667E-01  4.6666666667E+00
   78    6.6666666667E-01  5.0000000000E+00
   79    6.6666666667E-01  5.3333333333E+00
   80    6.6666666667E-01  5.6666666667E+00
   81    6.6666666667E-01  6.0000000000E+00
   82    6.6666666667E-01  6.3333333333E+00
   83    6.6666666667E-01  6.6666666667E+00
   84    6.6666666667E-01  7.0000000000E+00
   85    6.6666666667E-01  7.3333333333E+00
   86    6.6666666667E-01  7.6666666667E+00
   87    6.6666666667E-01  8.0000000000E+00
   88    6.6666666667E-01  8.3333333333E+00
   89    6.6666666667E-01  8.6666666667E+00
   90    6.6666666667E-01  9.0000000000E+00
   91    6.6666666667E-01  9.3333333333E+00
   92    6.6666666667E-01  9.6666666667E+00
   93    6.6666666667E-01  1.0000000000E+01
   94    1.0000000000E+00  0.0000000000E+00
   95    1.0000000000E+00  3.3333333333E-01
   96    1.0000000000E+00  6.6666666667E-01
   97    1.0000000000E+00  1.0000000000E+00
   98    1.0000000000E+00  1.3333333333E+00
   99    1.0000000000E+00  1.6666666667E+00
  100    1.0000000000E+00  2.0000000000E+00
  101    1.0000000000E+00  2.3333333333E+00
  102    1.0000000000E+00  2.6666666667E+00
  103    1.0000000000E+00  3.0000000000E+00
  104    1.0000000000E+00  3.3333333333E+00
  105    1.0000000000E+00  3.6666666667E+00
  106    1.0000000000E+00  4.0000000000E+00
  107    1.0000000000E+00  4.3333333333E+00
  108    1.0000000000E+00  4.6666666667E+00
  109    1.0000000000E+00  5.0000000000E+00
  110    1.0000000000E+00  5.3333333333E+00
  111    1.0000000000E+00  5.6666666667E+00
  112    1.0000000000E+00  6.0000000000E+00
  113    1.0000000000E+00  6.3333333333E+00
  114    1.0000000000E+00  6.6666666667E+00
  115    1.0000000000E+00  7.0000000000E+00
  116    1.0000000000E+00  7.3333333333E+00
  117    1.0000000000E+00  7.6666666667E+00
  118    1.0000000000E+00  8.0000000000E+00
  119    1.0000000000E+00  8.3333333333E+00
  120    1.0000000000E+00  8.6666666667E+00
  121    1.0000000000E+00  9.0000000000E+00
  122    1.0000000000E+00  9.3333333333E+00
  123    1.0000000000E+00  9.6666666667E+00
  124    1.0000000000E+00  1.0000000000E+01
  125    1.3333333333E+00  0.0000000000E+00
  126    1.3333333333E+00  3.3333333333E-01
  127    1.3333333333E+00  6.6666666667E-01
  128    1.3333333333E+00  1.0000000000E+00
  129    1.3333333333E+00  1.3333333333E+00
  130    1.3333333333E+00  1.6666666667E+00
  131    1.3333333333E+00  2.0000000000E+00
  132    1.3333333333E+00  2.3333333333E+00
  133    1.3333333333E+00  2.6666666667E+00
  134    1.3333333333E+00  3.0000000000E+00
  135    1.3333333333E+00  3.3333333333E+00
  136    1.3333333333E+00  3.6666666667E+00
  137    1.3333333333E+00  4.0000000000E+00
  138    1.3333333333E+00  4.3333333333E+00
  139    1.3333333333E+00  4.6666666667E+00
  140    1.3333333333E+00  5.0000000000E+00
  141    1.3333333333E+00  5.3333333333E+00
  142    1.3333333333E+00  5.6666666667E+00
  143    1.3333333333E+00  6.0000000000E+00
  144    1.3333333333E+00  6.3333333333E+00
  145    1.3333333333E+00  6.6666666667E+00
  146    1.3333333333E+00  7.0000000000E+00
  147    1.3333333333E+00  7.3333333333E+00
  148    1.3333333333E+00  7.6666666667E+00
  149    1.3333333333E+00  8.0000000000E+00
  150    1.3333333333E+00  8.3333333333E+00
  151    1.3333333333E+00  8.6666666667E+00
  152    1.3333333333E+00  9.0000000000E+00
  153    1.3333333333E+00  9.3333333333E+00
  154    1.3333333333E+00  9.6666666667E+00
  155    1.3333333333E+00  1.0000000000E+01
  156    1.6666666667E+00  0.0000000000E+00
  157    1.6666666667E+00  3.3333333333E-01
  158    1.6666666667E+00  6.6666666667E-01
  159    1.6666666667E+00  1.0000000000E+00
  160    1.6666666667E+00  1.3333333333E+00
  161    1.6666666667E+00  1.6666666667E+00
  162    1.6666666667E+00  2.0000000000E+00
  163    1.6666666667E+00  2.3333333333E+00
  164    1.6666666667E+00  2.6666666667E+00
  165    1.6666666667E+00  3.0000000000E+00
  166    1.6666666667E+00  3.3333333333E+00
  167    1.6666666667E+00  3.6666666667E+00
  168    1.6666666667E+00  4.0000000000E+00
  169    1.6666666667E+00  4.3333333333E+00
  170    1.6666666667E+00  4.6666666667E+00
  171    1.6666666667E+00  5.0000000000E+00
  172    1.6666666667E+00  5.3333333333E+00
  173    1.6666666667E+00  5.6666666667E+00
  174    1.6666666667E+00  6.0000000000E+00
  175    1.6666666667E+00  6.3333333333E+00
  176    1.6666666667E+00  6.6666666667E+00
  177    1.6666666667E+00  7.0000000000E+00
  178    1.6666666667E+00  7.3333333333E+00
  179    1.6666666667E+00  7.6666666667E+00
  180    1.6666666667E+00  8.0000000000E+00
  181    1.6666666667E+00  8.3333333333E+00
  182    1.6666666667E+00  8.6666666667E+00
  183    1.6666666667E+00  9.0000000000E+00
  184    1.6666666667E+00  9.3333333333E+00
  185    1.6666666667E+00  9.6666666667E+00
  186    1.6666666667E+00  1.0000000000E+01
  187    2.0000000000E+00  0.0000000000E+00
  188    2.0000000000E+00  3.3333333333E-01
  189    2.0000000000E+00  6.6666666667E-01
  190    2.0000000000E+00  1.0000000000E+00
  191    2.0000000000E+00  1.3333333333E+00
  192    2.0000000000E+00  1.6666666667E+00
  193    2.0000000000E+00  2.0000000000E+00
  194    2.0000000000E+00  2.3333333333E+00
  195    2.0000000000E+00  2.6666666667E+00
  196    2.0000000000E+00  3.0000000000E+00
  197    2.0000000000E+00  3.3333333333E+00
  198    2.0000000000E+00  3.6666666667E+00
  199    2.0000000000E+00  4.0000000000E+00
  200    2.0000000000E+00  4.3333333333E+00
  201    2.0000000000E+00  4.6666666667E+00
  202    2.0000000000E+00  5.0000000000E+00
  203    2.0000000000E+00  5.3333333333E+00
  204    2.0000000000E+00  5.6666666667E+00
  205    2.0000000000E+00  6.0000000000E+00
  206    2.0000000000E+00  6.3333333333E+00
  207    2.0000000000E+00  6.6666666667E+00
  208    2.0000000000E+00  7.0000000000E+00
  209    2.0000000000E+00  7.3333333333E+00
  210    2.0000000000E+00  7.6666666667E+00
  211    2.0000000000E+00  8.0000000000E+00
  212    2.0000000000E+00  8.3333333333E+00
  213    2.0000000000E+00  8.6666666667E+00
  214    2.0000000000E+00  9.0000000000E+00
  215    2.0000000000E+00  9.3333333333E+00
  216    2.0000000000E+00  9.6666666667E+00
  217    2.0000000000E+00  1.0000000000E+01
  218    2.3333333333E+00  0.0000000000E+00
  219    2.3333333333E+00  3.3333333333E-01
  220    2.3333333333E+00  6.6666666667E-01
  221    2.3333333333E+00  1.0000000000E+00
  222    2.3333333333E+00  1.3333333333E+00
  223    2.3333333333E+00  1.6666666667E+00
  224    2.3333333333E+00  2.0000000000E+00
  225    2.3333333333E+00  2.3333333333E+00
  226    2.3333333333E+00  2.6666666667E+00
  227    2.3333333333E+00  3.0000000000E+00
  228    2.3333333333E+00  3.3333333333E+00
  229    2.3333333333E+00  3.6666666667E+00
  230    2.3333333333E+00  4.0000000000E+00
  231    2.3333333333E+00  4.3333333333E+00
  232    2.3333333333E+00  4.6666666667E+00
  233    2.3333333333E+00  5.0000000000E+00
  234    2.3333333333E+00  5.3333333333E+00
  235    2.3333333333E+00  5.6666666667E+00
  236    2.3333333333E+00  6.0000000000E+00
  237    2.3333333333E+00  6.3333333333E+00
  238    2.3333333333E+00  6.6666666667E+00
  239    2.3333333333E+00  7.0000000000E+00
  240    2.3333333333E+00  7.3333333333E+00
  241    2.3333333333E+00  7.6666666667E+00
  242    2.3333333333E+00  8.0000000000E+00
  243    2.3333333333E+00  8.3333333333E+00
  244    2.3333333333E+00  8.6666666667E+00
  245    2.3333333333E+00  9.0000000000E+00
  246    2.3333333333E+00  9.3333333333E+00
  247    2.3333333333E+00  9.6666666667E+00
  248    2.3333333333E+00  1.0000000000E+01
  249    2.6666666667E+00  0.0000000000E+00
  250    2.6666666667E+00  3.3333333333E-01
  251    2.6666666667E+00  6.6666666667E-01
  252    2.6666666667E+00  1.0000000000E+00
  253    2.6666666667E+00  1.3333333333E+00
  254    2.6666666667E+00  1.6666666667E+00
  255    2.6666666667E+00  2.0000000000E+00
  256    2.6666666667E+00  2.3333333333E+00
  257    2.6666666667E+00  2.6666666667E+00
  258    2.6666666667E+00  3.0000000000E+00
  259    2.6666666667E+00  3.3333333333E+00
  260    2.6666666667E+00  3.6666666667E+00
  261    2.6666666667E+00  4.0000000000E+00
  262    2.6666666667E+00  4.3333333333E+00
  263    2.6666666667E+00  4.6666666667E+00
  264    2.6666666667E+00  5.0000000000E+00
  265    2.6666666667E+00  5.3333333333E+00
  266    2.6666666667E+00  5.6666666667E+00
  267    2.6666666667E+00  6.0000000000E+00
  268    2.6666666667E+00  6.3333333333E+00
  269    2.6666666667E+00  6.6666666667E+00
  270    2.6666666667E+00  7.0000000000E+00
  271    2.6666666667E+00  7.3333333333E+00
  272    2.6666666667E+00  7.6666666667E+00
  273    2.6666666667E+00  8.0000000000E+00
  274    2.6666666667E+00  8.3333333333E+00
  275    2.6666666667E+00  8.6666666667E+00
  276    2.6666666667E+00  9.0000000000E+00
  277    2.6666666667E+00  9.3333333333E+00
  278    2.6666666667E+00  9.6666666667E+00
  279    2.6666666667E+00  1.0000000000E+01
  280    3.0000000000E+00  0.0000000000E+00
  281    3.0000000000E+00  3.3333333333E-01
  282    3.0000000000E+00  6.6666666667E-01
  283    3.0000000000E+00  1.0000000000E+00
  284    3.0000000000E+00  1.3333333333E+00
  285    3.0000000000E+00  1.6666666667E+00
  286    3.0000000000E+00  2.0000000000E+00
  287    3.0000000000E+00  2.3333333333E+00
  288    3.0000000000E+00  2.6666666667E+00
  289    3.0000000000E+00  3.0000000000E+00
  290    3.0000000000E+00  3.3333333333E+00
  291    3.0000000000E+00  3.6666666667E+00
  292    3.0000000000E+00  4.0000000000E+00
  293    3.0000000000E+00  4.3333333333E+00
  294    3.0000000000E+00  4.6666666667E+00
  295    3.0000000000E+00  5.0000000000E+00
  296    3.0000000000E+00  5.3333333333E+00
  297    3.0000000000E+00  5.6666666667E+00
  298    3.0000000000E+00  6.0000000000E+00
  299    3.0000000000E+00  6.3333333333E+00
  300    3.0000000000E+00  6.6666666667E+00
  301    3.0000000000E+00  7.0000000000E+00
  302    3.0000000000E+00  7.3333333333E+00
  303    3.0000000000E+00  7.6666666667E+00
  304    3.0000000000E+00  8.0000000000E+00
  305    3.0000000000E+00  8.3333333333E+00
  306    3.0000000000E+00  8.6666666667E+00
  307    3.0000000000E+00  9.0000000000E+00
  308    3.0000000000E+00  9.3333333333E+00
  309    3.0000000000E+00  9.6666666667E+00
  310    3.0000000000E+00  1.0000000000E+01
  311    3.3333333333E+00  0.0000000000E+00
  312    3.3333333333E+00  3.3333333333E-01
  313    3.3333333333E+00  6.6666666667E-01
  314    3.3333333333E+00  1.0000000000E+00
  315    3.3333333333E+00  1.3333333333E+00
  316    3.3333333333E+00  1.6666666667E+00
  317    3.3333333333E+00  2.0000000000E+00
  318    3.3333333333E+00  2.3333333333E+00
  319    3.3333333333E+00  2.6666666667E+00
  320    3.3333333333E+00  3.0000000000E+00
  321    3.3333333333E+00  3.3333333333E+00
  322    3.3333333333E+00  3.6666666667E+00
  323    3.3333333333E+00  4.0000000000E+00
  324    3.3333333333E+00  4.3333333333E+00
  325    3.3333333333E+00  4.6666666667E+00
  326    3.3333333333E+00  5.0000000000E+00
  327    3.3333333333E+00  5.3333333333E+00
  328    3.3333333333E+00  5.6666666667E+00
  329    3.3333333333E+00  6.0000000000E+00
  330    3.3333333333E+00  6.3333333333E+00
  331    3.3333333333E+00  6.6666666667E+00
  332    3.3333333333E+00  7.0000000000E+00
  333    3.3333333333E+00  7.3333333333E+00
  334    3.3333333333E+00  7.6666666667E+00
  335    3.3333333333E+00  8.0000000000E+00
  336    3.3333333333E+00  8.3333333333E+00
  337    3.3333333333E+00  8.6666666667E+00
  338    3.3333333333E+00  9.0000000000E+00
  339    3.3333333333E+00  9.3333333333E+00
  340    3.3333333333E+00  9.6666666667E+00
  341    3.3333333333E+00  1.0000000000E+01
  342    3.6666666667E+00  0.0000000000E+00
  343    3.6666666667E+00  3.3333333333E-01
  344    3.6666666667E+00  6.6666666667E-01
  345    3.6666666667E+00  1.0000000000E+00
  346    3.6666666667E+00  1.3333333333E+00
  347    3.6666666667E+00  1.6666666667E+00
  348    3.6666666667E+00  2.0000000000E+00
  349    3.6666666667E+00  2.3333333333E+00
  350    3.6666666667E+00  2.6666666667E+00
  351    3.6666666667E+00  3.0000000000E+00
  352    3.6666666667E+00  3.3333333333E+00
  353    3.6666666667E+00  3.6666666667E+00
  354    3.6666666667E+00  4.0000000000E+00
  355    3.6666666667E+00  4.3333333333E+00
  356    3.6666666667E+00  4.6666666667E+00
  357    3.6666666667E+00  5.0000000000E+00
  358    3.6666666667E+00  5.3333333333E+00
  359    3.6666666667E+00  5.6666666667E+00
  360    3.6666666667E+00  6.0000000000E+00
  361    3.6666666667E+00  6.3333333333E+00
  362    3.6666666667E+00  6.6666666667E+00
  363    3.6666666667E+00  7.0000000000E+00
  364    3.6666666667E+00  7.3333333333E+00
  365    3.6666666667E+00  7.6666666667E+00
  366    3.6666666667E+00  8.0000000000E+00
  367    3.6666666667E+00  8.3333333333E+00
  368    3.6666666667E+00  8.6666666667E+00
  369    3.6666666667E+00  9.0000000000E+00
  370    3.6666666667E+00  9.3333333333E+00
  371    3.6666666667E+00  9.6666666667E+00
  372    3.6666666667E+00  1.0000000000E+01
  373    4.0000000000E+00  0.0000000000E+00
  374    4.0000000000E+00  3.3333333333E-01
  375    4.0000000000E+00  6.6666666667E-01
  376    4.0000000000E+00  1.0000000000E+00
  377    4.0000000000E+00  1.3333333333E+00
  378    4.0000000000E+00  1.6666666667E+00
  379    4.0000000000E+00  2.0000000000E+00
  380    4.0000000000E+00  2.3333333333E+00
  381    4.0000000000E+00  2.6666666667E+00
  382    4.0000000000E+00  3.0000000000E+00
  383    4.0000000000E+00  3.3333333333E+00
  384    4.0000000000E+00  3.6666666667E+00
  385    4.0000000000E+00  4.0000000000E+00
  386    4.0000000000E+00  4.3333333333E+00
  387    4.0000000000E+00  4.6666666667E+00
  388    4.0000000000E+00  5.0000000000E+00
  389    4.0000000000E+00  5.3333333333E+00
  390    4.0000000000E+00  5.6666666667E+00
  391    4.0000000000E+00  6.0000000000E+00
  392    4.0000000000E+00  6.3333333333E+00
  393    4.0000000000E+00  6.6666666667E+00
  394    4.0000000000E+00  7.0000000000E+00
  395    4.0000000000E+00  7.3333333333E+00
  396    4.0000000000E+00  7.6666666667E+00
  397    4.0000000000E+00  8.0000000000E+00
  398    4.0000000000E+00  8.3333333333E+00
  399    4.0000000000E+00  8.6666666667E+00
  400    4.0000000000E+00  9.0000000000E+00
  401    4.0000000000E+00  9.3333333333E+00
  402    4.0000000000E+00  9.6666666667E+00
  403    4.0000000000E+00  1.0000000000E+01
  404    4.3333333333E+00  0.0000000000E+00
  405    4.3333333333E+00  3.3333333333E-01
  406    4.3333333333E+00  6.6666666667E-01
  407    4.3333333333E+00  1.0000000000E+00
  408    4.3333333333E+00  1.3333333333E+00
  409    4.3333333333E+00  1.6666666667E+00
  410    4.3333333333E+00  2.0000000000E+00
  411    4.3333333333E+00  2.3333333333E+00
  412    4.3333333333E+00  2.6666666667E+00
  413    4.3333333333E+00  3.0000000000E+00
  414    4.3333333333E+00  3.3333333333E+00
  415    4.3333333333E+00  3.6666666667E+00
  416    4.3333333333E+00  4.0000000000E+00
  417    4.3333333333E+00  4.3333333333E+00
  418    4.3333333333E+00  4.6666666667E+00
  419    4.3333333333E+00  5.0000000000E+00
  420    4.3333333333E+00  5.3333333333E+00
  421    4.3333333333E+00  5.6666666667E+00
  422    4.3333333333E+00  6.0000000000E+00
  423    4.3333333333E+00  6.3333333333E+00
  424    4.3333333333E+00  6.6666666667E+00
  425    4.3333333333E+00  7.0000000000E+00
  426    4.3333333333E+00  7.3333333333E+00
  427    4.3333333333E+00  7.6666666667E+00
  428    4.3333333333E+00  8.0000000000E+00
  429    4.3333333333E+00  8.3333333333E+00
  430    4.3333333333E+00  8.6666666667E+00
  431    4.3333333333E+00  9.0000000000E+00
  432    4.3333333333E+00  9.3333333333E+00
  433    4.3333333333E+00  9.6666666667E+00
  434    4.3333333333E+00  1.0000000000E+01
  435    4.6666666667E+00  0.0000000000E+00
  436    4.6666666667E+00  3.3333333333E-01
  437    4.6666666667E+00  6.6666666667E-01
  438    4.6666666667E+00  1.0000000000E+00
  439    4.6666666667E+00  1.3333333333E+00
  440    4.6666666667E+00  1.6666666667E+00
  441    4.6666666667E+00  2.0000000000E+00
  442    4.6666666667E+00  2.3333333333E+00
  443    4.6666666667E+00  2.6666666667E+00
  444    4.6666666667E+00  3.0000000000E+00
  445    4.6666666667E+00  3.3333333333E+00
  446    4.6666666667E+00  3.6666666667E+00
  447    4.6666666667E+00  4.0000000000E+00
  448    4.6666666667E+00  4.3333333333E+00
  449    4.6666666667E+00  4.6666666667E+00
  450    4.6666666667E+00  5.0000000000E+00
  451    4.6666666667E+00  5.3333333333E+00
  452    4.6666666667E+00  5.6666666667E+00
  453    4.6666666667E+00  6.0000000000E+00
  454    4.6666666667E+00  6.3333333333E+00
  455    4.6666666667E+00  6.6666666667E+00
  456    4.6666666667E+00  7.0000000000E+00
  457    4.6666666667E+00  7.3333333333E+00
  458    4.6666666667E+00  7.6666666667E+00
  459    4.6666666667E+00  8.0000000000E+00
  460    4.6666666667E+00  8.3333333333E+00
  461    4.6666666667E+00  8.6666666667E+00
  462    4.6666666667E+00  9.0000000000E+00
  463    4.6666666667E+00  9.3333333333E+00
  464    4.6666666667E+00  9.6666666667E+00
  465    4.6666666667E+00  1.0000000000E+01
  466    5.0000000000E+00  0.0000000000E+00
  467    5.0000000000E+00  3.3333333333E-01
  468    5.0000000000E+00  6.6666666667E-01
  469    5.0000000000E+00  1.0000000000E+00
  470    5.0000000000E+00  1.3333333333E+00
  471    5.0000000000E+00  1.6666666667E+00
  472    5.0000000000E+00  2.0000000000E+00
  473    5.0000000000E+00  2.3333333333E+00
  474    5.0000000000E+00  2.6666666667E+00
  475    5.0000000000E+00  3.0000000000E+00
  476    5.0000000000E+00  3.3333333333E+00
  477    5.0000000000E+00  3.6666666667E+00
  478    5.0000000000E+00  4.0000000000E+00
  479    5.0000000000E+00  4.3333333333E+00
  480    5.0000000000E+00  4.6666666667E+00
  481    5.0000000000E+00  5.0000000000E+00
  482    5.0000000000E+00  5.3333333333E+00
  483    5.0000000000E+00  5.6666666667E+00
  484    5.0000000000E+00  6.0000000000E+00
  485    5.0000000000E+00  6.3333333333E+00
  486    5.0000000000E+00  6.6666666667E+00
  487    5.0000000000E+00  7.0000000000E+00
  488    5.0000000000E+00  7.3333333333E+00
  489    5.0000000000E+00  7.6666666667E+00
  490    5.0000000000E+00  8.0000000000E+00
  491    5.0000000000E+00  8.3333333333E+00
  492    5.0000000000E+00  8.6666666667E+00
  493    5.0000000000E+00  9.0000000000E+00
  494    5.0000000000E+00  9.3333333333E+00
  495    5.0000000000E+00  9.6666666667E+00
  496    5.0000000000E+00  1.0000000000E+01
  497    5.3333333333E+00  0.0000000000E+00
  498    5.3333333333E+00  3.3333333333E-01
  499    5.3333333333E+00  6.6666666667E-01
  500    5.3333333333E+00  1.0000000000E+00
  501    5.3333333333E+00  1.3333333333E+00
  502    5.3333333333E+00  1.6666666667E+00
  503    5.3333333333E+00  2.0000000000E+00
  504    5.3333333333E+00  2.3333333333E+00
  505    5.3333333333E+00  2.6666666667E+00
  506    5.3333333333E+00  3.0000000000E+00
  507    5.3333333333E+00  3.3333333333E+00
  508    5.3333333333E+00  3.6666666667E+00
  509    5.3333333333E+00  4.0000000000E+00
  510    5.3333333333E+00  4.3333333333E+00
  511    5.3333333333E+00  4.6666666667E+00
  512    5.3333333333E+00  5.0000000000E+00
  513    5.3333333333E+00  5.3333333333E+00
  514    5.3333333333E+00  5.6666666667E+00
  515    5.3333333333E+00  6.0000000000E+00
  516    5.3333333333E+00  6.3333333333E+00
  517    5.3333333333E+00  6.6666666667E+00
  518    5.3333333333E+00  7.0000000000E+00
  519    5.3333333333E+00  7.3333333333E+00
  520    5.3333333333E+00  7.6666666667E+00
  521    5.3333333333E+00  8.0000000000E+00
  522    5.3333333333E+00  8.3333333333E+00
  523    5.3333333333E+00  8.6666666667E+00
  524    5.3333333333E+00  9.0000000000E+00
  525    5.3333333333E+00  9.3333333333E+00
  526    5.3333333333E+00  9.6666666667E+00
  527    5.3333333333E+00  1.0000000000E+01
  528    5.6666666667E+00  0.0000000000E+00
  529    5.6666666667E+00  3.3333333333E-01
  530    5.6666666667E+00  6.6666666667E-01
  531    5.6666666667E+00  1.0000000000E+00
  532    5.6666666667E+00  1.3333333333E+00
  533    5.6666666667E+00  1.6666666667E+00
  534    5.6666666667E+00  2.0000000000E+00
  535    5.6666666667E+00  2.3333333333E+00
  536    5.6666666667E+00  2.6666666667E+00
  537    5.6666666667E+00  3.0000000000E+00
  538    5.6666666667E+00  3.3333333333E+00
  539    5.6666666667E+00  3.6666666667E+00
  540    5.6666666667E+00  4.0000000000E+00
  541    5.6666666667E+00  4.3333333333E+00
  542    5.6666666667E+00  4.6666666667E+00
  543    5.6666666667E+00  5.0000000000E+00
  544    5.6666666667E+00  5.3333333333E+00
  545    5.6666666667E+00  5.6666666667E+00
  546    5.6666666667E+00  6.0000000000E+00
  547    5.6666666667E+00  6.3333333333E+00
  548    5.6666666667E+00  6.6666666667E+00
  549    5.6666666667E+00  7.0000000000E+00
  550    5.6666666667E+00  7.3333333333E+00
  551    5.6666666667E+00  7.6666666667E+00
  552    5.6666666667E+00  8.0000000000E+00
  553    5.6666666667E+00  8.3333333333E+00
  554    5.6666666667E+00  8.6666666667E+00
  555    5.6666666667E+00  9.0000000000E+00
  556    5.6666666667E+00  9.3333333333E+00
  557    5.6666666667E+00  9.6666666667E+00
  558    5.6666666667E+00  1.0000000000E+01
  559    6.0000000000E+00  0.0000000000E+00
  560    6.0000000000E+00  3.3333333333E-01
  561    6.0000000000E+00  6.6666666667E-01
  562    6.0000000000E+00  1.0000000000E+00
  563    6.0000000000E+00  1.3333333333E+00
  564    6.0000000000E+00  1.6666666667E+00
  565    6.0000000000E+00  2.0000000000E+00
  566    6.0000000000E+00  2.3333333333E+00
  567    6.0000000000E+00  2.6666666667E+00
  568    6.0000000000E+00  3.0000000000E+00
  569    6.0000000000E+00  3.3333333333E+00
  570    6.0000000000E+00  3.6666666667E+00
  571    6.0000000000E+00  4.0000000000E+00
  572    6.0000000000E+00  4.3333333333E+00
  573    6.0000000000E+00  4.6666666667E+00
  574    6.0000000000E+00  5.0000000000E+00
  575    6.0000000000E+00  5.3333333333E+00
  576    6.0000000000E+00  5.6666666667E+00
  577    6.0000000000E+00  6.0000000000E+00
  578    6.0000000000E+00  6.3333333333E+00
  579    6.0000000000E+00  6.6666666667E+00
  580    6.0000000000E+00  7.0000000000E+00
  581    6.0000000000E+00  7.3333333333E+00
  582    6.0000000000E+00  7.6666666667E+00
  583    6.0000000000E+00  8.0000000000E+00
  584    6.0000000000E+00  8.3333333333E+00
  585    6.0000000000E+00  8.6666666667E+00
  586    6.0000000000E+00  9.0000000000E+00
  587    6.0000000000E+00  9.3333333333E+00
  588    6.0000000000E+00  9.6666666667E+00
  589    6.0000000000E+00  1.0000000000E+01
  590    6.3333333333E+00  0.0000000000E+00
  591    6.3333333333E+00  3.3333333333E-01
  592    6.3333333333E+00  6.6666666667E-01
  593    6.3333333333E+00  1.0000000000E+00
  594    6.3333333333E+00  1.3333333333E+00
  595    6.3333333333E+00  1.6666666667E+00
  596    6.3333333333E+00  2.0000000000E+00
  597    6.3333333333E+00  2.3333333333E+00
  598    6.3333333333E+00  2.6666666667E+00
  599    6.3333333333E+00  3.0000000000E+00
  600    6.3333333333E+00  3.3333333333E+00
  601    6.3333333333E+00  3.6666666667E+00
  602    6.3333333333E+00  4.0000000000E+00
  603    6.3333333333E+00  4.3333333333E+00
  604    6.3333333333E+00  4.6666666667E+00
  605    6.3333333333E+00  5.0000000000E+00
  606    6.3333333333E+00  5.3333333333E+00
  607    6.3333333333E+00  5.6666666667E+00
  608    6.3333333333E+00  6.0000000000E+00
  609    6.3333333333E+00  6.3333333333E+00
  610    6.3333333333E+00  6.6666666667E+00
  611    6.3333333333E+00  7.0000000000E+00
  612    6.3333333333E+00  7.3333333333E+00
  613    6.3333333333E+00  7.6666666667E+00
  614    6.3333333333E+00  8.0000000000E+00
  615    6.3333333333E+00  8.3333333333E+00
  616    6.3333333333E+00  8.6666666667E+00
  617    6.3333333333E+00  9.0000000000E+00
  618    6.3333333333E+00  9.3333333333E+00
  619    6.3333333333E+00  9.6666666667E+00
  620    6.3333333333E+00  1.0000000000E+01
  621    6.6666666667E+00  0.0000000000E+00
  622    6.6666666667E+00  3.3333333333E-01
  623    6.6666666667E+00  6.6666666667E-01
  624    6.6666666667E+00  1.0000000000E+00
  625    6.6666666667E+00  1.3333333333E+00
  626    6.6666666667E+00  1.6666666667E+00
  627    6.6666666667E+00  2.0000000000E+00
  628    6.6666666667E+00  2.3333333333E+00
  629    6.6666666667E+00  2.6666666667E+00
  630    6.6666666667E+00  3.0000000000E+00
  631    6.6666666667E+00  3.3333333333E+00
  632    6.6666666667E+00  3.6666666667E+00
  633    6.6666666667E+00  4.0000000000E+00
  634    6.6666666667E+00  4.3333333333E+00
  635    6.6666666667E+00  4.6666666667E+00
  636    6.6666666667E+00  5.0000000000E+00
  637    6.6666666667E+00  5.3333333333E+00
  638    6.6666666667E+00  5.6666666667E+00
  639    6.6666666667E+00  6.0000000000E+00
  640    6.6666666667E+00  6.3333333333E+00
  641    6.6666666667E+00  6.6666666667E+00
  642    6.6666666667E+00  7.0000000000E+00
  643    6.6666666667E+00  7.3333333333E+00
  644    6.6666666667E+00  7.6666666667E+00
  645    6.6666666667E+00  8.0000000000E+00
  646    6.6666666667E+00  8.3333333333E+00
  647    6.6666666667E+00  8.6666666667E+00
  648    6.6666666667E+00  9.0000000000E+00
  649    6.6666666667E+00  9.3333333333E+00
  650    6.6666666667E+00  9.6666666667E+00
  651    6.6666666667E+00  1.0000000000E+01
  652    7.0000000000E+00  0.0000000000E+00
  653    7.0000000000E+00  3.3333333333E-01
  654    7.0000000000E+00  6.6666666667E-01
  655    7.0000000000E+00  1.0000000000E+00
  656    7.0000000000E+00  1.3333333333E+00
  657    7.0000000000E+00  1.6666666667E+00
  658    7.0000000000E+00  2.0000000000E+00
  659    7.0000000000E+00  2.3333333333E+00
  660    7.0000000000E+00  2.6666666667E+00
  661    7.0000000000E+00  3.0000000000E+00
  662    7.0000000000E+00  3.3333333333E+00
  663    7.0000000000E+00  3.6666666667E+00
  664    7.0000000000E+00  4.0000000000E+00
  665    7.0000000000E+00  4.3333333333E+00
  666    7.0000000000E+00  4.6666666667E+00
  667    7.0000000000E+00  5.0000000000E+00
  668    7.0000000000E+00  5.3333333333E+00
  669    7.0000000000E+00  5.6666666667E+00
  670    7.0000000000E+00  6.0000000000E+00
  671    7.0000000000E+00  6.3333333333E+00
  672    7.0000000000E+00  6.6666666667E+00
  673    7.0000000000E+00  7.0000000000E+00
  674    7.0000000000E+00  7.3333333333E+00
  675    7.0000000000E+00  7.6666666667E+00
  676    7.0000000000E+00  8.0000000000E+00
  677    7.0000000000E+00  8.3333333333E+00
  678    7.0000000000E+00  8.6666666667E+00
  679    7.0000000000E+00  9.0000000000E+00
  680    7.0000000000E+00  9.3333333333E+00
  681    7.0000000000E+00  9.6666666667E+00
  682    7.0000000000E+00  1.0000000000E+01
  683    7.3333333333E+00  0.0000000000E+00
  684    7.3333333333E+00  3.3333333333E-01
  685    7.3333333333E+00  6.6666666667E-01
  686    7.3333333333E+00  1.0000000000E+00
  687    7.3333333333E+00  1.3333333333E+00
  688    7.3333333333E+00  1.6666666667E+00
  689    7.3333333333E+00  2.0000000000E+00
  690    7.3333333333E+00  2.3333333333E+00
  691    7.3333333333E+00  2.6666666667E+00
  692    7.3333333333E+00  3.0000000000E+00
  693    7.3333333333E+00  3.3333333333E+00
  694    7.3333333333E+00  3.6666666667E+00
  695    7.3333333333E+00  4.0000000000E+00
  696    7.3333333333E+00  4.3333333333E+00
  697    7.3333333333E+00  4.6666666667E+00
  698    7.3333333333E+00  5.0000000000E+00
  699    7.3333333333E+00  5.3333333333E+00
  700    7.3333333333E+00  5.6666666667E+00
  701    7.3333333333E+00  6.0000000000E+00
  702    7.3333333333E+00  6.3333333333E+00
  703    7.3333333333E+00  6.6666666667E+00
  704    7.3333333333E+00  7.0000000000E+00
  705    7.3333333333E+00  7.3333333333E+00
  706    7.3333333333E+00  7.6666666667E+00
  707    7.3333333333E+00  8.0000000000E+00
  708    7.3333333333E+00  8.3333333333E+00
  709    7.3333333333E+00  8.6666666667E+00
  710    7.3333333333E+00  9.0000000000E+00
  711    7.3333333333E+00  9.3333333333E+00
  712    7.3333333333E+00  9.6666666667E+00
  713    7.3333333333E+00  1.0000000000E+01
  714    7.6666666667E+00  0.0000000000E+00
  715    7.6666666667E+00  3.3333333333E-01
  716    7.6666666667E+00  6.6666666667E-01
  717    7.6666666667E+00  1.0000000000E+00
  718    7.6666666667E+00  1.3333333333E+00
  719    7.6666666667E+00  1.6666666667E+00
  720    7.6666666667E+00  2.0000000000E+00
  721    7.6666666667E+00  2.3333333333E+00
  722    7.6666666667E+00  2.6666666667E+00
  723    7.6666666667E+00  3.0000000000E+00
  724    7.6666666667E+00  3.3333333333E+00
  725    7.6666666667E+00  3.6666666667E+00
  726    7.6666666667E+00  4.0000000000E+00
  727    7.6666666667E+00  4.3333333333E+00
  728    7.6666666667E+00  4.6666666667E+00
  729    7.6666666667E+00  5.0000000000E+00
  730    7.6666666667E+00  5.3333333333E+00
  731    7.6666666667E+00  5.6666666667E+00
  732    7.6666666667E+00  6.0000000000E+00
  733    7.6666666667E+00  6.3333333333E+00
  734    7.6666666667E+00  6.6666666667E+00
  735    7.6666666667E+00  7.0000000000E+00
  736    7.6666666667E+00  7.3333333333E+00
  737    7.6666666667E+00  7.6666666667E+00
  738    7.6666666667E+00  8.0000000000E+00
  739    7.6666666667E+00  8.3333333333E+00
  740    7.6666666667E+00  8.6666666667E+00
  741    7.6666666667E+00  9.0000000000E+00
  742    7.6666666667E+00  9.3333333333E+00
  743    7.6666666667E+00  9.6666666667E+00
  744    7.6666666667E+00  1.0000000000E+01
  745    8.0000000000E+00  0.0000000000E+00
  746    8.0000000000E+00  3.3333333333E-01
  747    8.0000000000E+00  6.6666666667E-01
  748    8.0000000000E+00  1.0000000000E+00
  749    8.0000000000E+00  1.3333333333E+00
  750    8.0000000000E+00  1.6666666667E+00
  751    8.0000000000E+00  2.0000000000E+00
  752    8.0000000000E+00  2.3333333333E+00
  753    8.0000000000E+00  2.6666666667E+00
  754    8.0000000000E+00  3.0000000000E+00
  755    8.0000000000E+00  3.3333333333E+00
  756    8.0000000000E+00  3.6666666667E+00
  757    8.0000000000E+00  4.0000000000E+00
  758    8.0000000000E+00  4.3333333333E+00
  759    8.0000000000E+00  4.6666666667E+00
  760    8.0000000000E+00  5.0000000000E+00
  761    8.0000000000E+00  5.3333333333E+00
  762    8.0000000000E+00  5.6666666667E+00
  763    8.0000000000E+00  6.0000000000E+00
  764    8.0000000000E+00  6.3333333333E+00
  765    8.0000000000E+00  6.6666666667E+00
  766    8.0000000000E+00  7.0000000000E+00
  767    8.0000000000E+00  7.3333333333E+00
  768    8.0000000000E+00  7.6666666667E+00
  769    8.0000000000E+00  8.0000000000E+00
  770    8.0000000000E+00  8.3333333333E+00
  771    8.0000000000E+00  8.6666666667E+00
  772    8.0000000000E+00  9.0000000000E+00
  773    8.0000000000E+00  9.3333333333E+00
  774    8.0000000000E+00  9.6666666667E+00
  775    8.0000000000E+00  1.0000000000E+01
  776    8.3333333333E+00  0.0000000000E+00
  777    8.3333333333E+00  3.3333333333E-01
  778    8.3333333333E+00  6.6666666667E-01
  779    8.3333333333E+00  1.0000000000E+00
  780    8.3333333333E+00  1.3333333333E+00
  781    8.3333333333E+00  1.6666666667E+00
  782    8.3333333333E+00  2.0000000000E+00
  783    8.3333333333E+00  2.3333333333E+00
  784    8.3333333333E+00  2.6666666667E+00
  785    8.3333333333E+00  3.0000000000E+00
  786    8.3333333333E+00  3.3333333333E+00
  787    8.3333333333E+00  3.6666666667E+00
  788    8.3333333333E+00  4.0000000000E+00
  789    8.3333333333E+00  4.3333333333E+00
  790    8.3333333333E+00  4.6666666667E+00
  791    8.3333333333E+00  5.0000000000E+00
  792    8.3333333333E+00  5.3333333333E+00
  793    8.3333333333E+00  5.6666666667E+00
  794    8.3333333333E+00  6.0000000000E+00
  795    8.3333333333E+00  6.3333333333E+00
  796    8.3333333333E+00  6.6666666667E+00
  797    8.3333333333E+00  7.0000000000E+00
  798    8.3333333333E+00  7.3333333333E+00
  799    8.3333333333E+00  7.6666666667E+00
  800    8.3333333333E+00  8.0000000000E+00
  801    8.3333333333E+00  8.3333333333E+00
  802    8.3333333333E+00  8.6666666667E+00
  803    8.3333333333E+00  9.0000000000E+00
  804    8.3333333333E+00  9.3333333333E+00
  805    8.3333333333E+00  9.6666666667E+00
  806    8.3333333333E+00  1.0000000000E+01
  807    8.6666666667E+00  0.0000000000E+00
  808    8.6666666667E+00  3.3333333333E-01
  809    8.6666666667E+00  6.6666666667E-01
  810    8.6666666667E+00  1.0000000000E+00
  811    8.6666666667E+00  1.3333333333E+00
  812    8.6666666667E+00  1.6666666667E+00
  813    8.6666666667E+00  2.0000000000E+00
  814    8.6666666667E+00  2.3333333333E+00
  815    8.6666666667E+00  2.6666666667E+00
  816    8.6666666667E+00  3.0000000000E+00
  817    8.6666666667E+00  3.3333333333E+00
  818    8.6666666667E+00  3.6666666667E+00
  819    8.6666666667E+00  4.0000000000E+00
  820    8.6666666667E+00  4.3333333333E+00
  821    8.6666666667E+00  4.6666666667E+00
  822    8.6666666667E+00  5.0000000000E+00
  823    8.6666666667E+00  5.3333333333E+00
  824    8.6666666667E+00  5.6666666667E+00
  825    8.6666666667E+00  6.0000000000E+00
  826    8.6666666667E+00  6.3333333333E+00
  827    8.6666666667E+00  6.6666666667E+00
  828    8.6666666667E+00  7.0000000000E+00
  829    8.6666666667E+00  7.3333333333E+00
  830    8.6666666667E+00  7.6666666667E+00
  831    8.6666666667E+00  8.0000000000E+00
  832    8.6666666667E+00  8.3333333333E+00
  833    8.6666666667E+00  8.6666666667E+00
  834    8.6666666667E+00  9.0000000000E+00
  835    8.6666666667E+00  9.3333333333E+00
  836    8.6666666667E+00  9.6666666667E+00
  837    8.6666666667E+00  1.0000000000E+01
  838    9.0000000000E+00  0.0000000000E+00
  839    9.0000000000E+00  3.3333333333E-01
  840    9.0000000000E+00  6.6666666667E-01
  841    9.0000000000E+00  1.0000000000E+00
  842    9.0000000000E+00  1.3333333333E+00
  843    9.0000000000E+00  1.6666666667E+00
  844    9.0000000000E+00  2.0000000000E+00
  845    9.0000000000E+00  2.3333333333E+00
  846    9.0000000000E+00  2.6666666667E+00
  847    9.0000000000E+00  3.0000000000E+00
  848    9.0000000000E+00  3.3333333333E+00
  849    9.0000000000E+00  3.6666666667E+00
  850    9.0000000000E+00  4.0000000000E+00
  851    9.0000000000E+00  4.3333333333E+00
  852    9.0000000000E+00  4.6666666667E+00
  853    9.0000000000E+00  5.0000000000E+00
  854    9.0000000000E+00  5.3333333333E+00
  855    9.0000000000E+00  5.6666666667E+00
  856    9.0000000000E+00  6.0000000000E+00
  857    9.0000000000E+00  6.3333333333E+00
  858    9.0000000000E+00  6.6666666667E+00
  859    9.0000000000E+00  7.0000000000E+00
  860    9.0000000000E+00  7.3333333333E+00
  861    9.0000000000E+00  7.6666666667E+00
  862    9.0000000000E+00  8.0000000000E+00
  863    9.0000000000E+00  8.3333333333E+00
  864    9.0000000000E+00  8.6666666667E+00
  865    9.0000000000E+00  9.0000000000E+00
  866    9.0000000000E+00  9.3333333333E+00
  867    9.0000000000E+00  9.6666666667E+00
  868    9.0000000000E+00  1.0000000000E+01
  869    9.3333333333E+00  0.0000000000E+00
  870    9.3333333333E+00  3.3333333333E-01
  871    9.3333333333E+00  6.6666666667E-01
  872    9.3333333333E+00  1.0000000000E+00
  873    9.3333333333E+00  1.3333333333E+00
  874    9.3333333333E+00  1.6666666667E+00
  875    9.3333333333E+00  2.0000000000E+00
  876    9.3333333333E+00  2.3333333333E+00
  877    9.3333333333E+00  2.6666666667E+00
  878    9.3333333333E+00  3.0000000000E+00
  879    9.3333333333E+00  3.3333333333E+00
  880    9.3333333333E+00  3.6666666667E+00
  881    9.3333333333E+00  4.0000000000E+00
  882    9.3333333333E+00  4.3333333333E+00
  883    9.3333333333E+00  4.6666666667E+00
  884    9.3333333333E+00  5.0000000000E+00
  885    9.3333333333E+00  5.3333333333E+00
  886    9.3333333333E+00  5.6666666667E+00
  887    9.3333333333E+00  6.0000000000E+00
  888    9.3333333333E+00  6.3333333333E+00
  889    9.3333333333E+00  6.6666666667E+00
  890    9.3333333333E+00  7.0000000000E+00
  891    9.3333333333E+00  7.3333333333E+00
  892    9.3333333333E+00  7.6666666667E+00
  893    9.3333333333E+00  8.0000000000E+00
  894    9.3333333333E+00  8.3333333333E+00
  895    9.3333333333E+00  8.6666666667E+00
  896    9.3333333333E+00  9.0000000000E+00
  897    9.3333333333E+00  9.3333333333E+00
  898    9.3333333333E+00  9.6666666667E+00
  899    9.3333333333E+00  1.0000000000E+01
  900    9.6666666667E+00  0.0000000000E+00
  901    9.6666666667E+00  3.3333333333E-01
  902    9.6666666667E+00  6.6666666667E-01
  903    9.6666666667E+00  1.0000000000E+00
  904    9.6666666667E+00  1.3333333333E+00
  905    9.6666666667E+00  1.6666666667E+00
  906    9.6666666667E+00  2.0000000000E+00
  907    9.6666666667E+00  2.3333333333E+00
  908    9.6666666667E+00  2.6666666667E+00
  909    9.6666666667E+00  3.0000000000E+00
  910    9.6666666667E+00  3.3333333333E+00
  911    9.6666666667E+00  3.6666666667E+00
  912    9.6666666667E+00  4.0000000000E+00
  913    9.6666666667E+00  4.3333333333E+00
  914    9.6666666667E+00  4.6666666667E+00
  915    9.6666666667E+00  5.0000000000E+00
  916    9.6666666667E+00  5.3333333333E+00
  917    9.6666666667E+00  5.6666666667E+00
  918    9.6666666667E+00  6.0000000000E+00
  919    9.6666666667E+00  6.3333333333E+00
  920    9.6666666667E+00  6.6666666667E+00
  921    9.6666666667E+00  7.0000000000E+00
  922    9.6666666667E+00  7.3333333333E+00
  923    9.6666666667E+00  7.6666666667E+00
  924    9.6666666667E+00  8.0000000000E+00
  925    9.6666666667E+00  8.3333333333E+00
  926    9.6666666667E+00  8.6666666667E+00
  927    9.6666666667E+00  9.0000000000E+00
  928    9.6666666667E+00  9.3333333333E+00
  929    9.6666666667E+00  9.6666666667E+00
  930    9.6666666667E+00  1.0000000000E+01
  931    1.0000000000E+01  0.0000000000E+00
  932    1.0000000000E+01  3.3333333333E-01
  933    1.0000000000E+01  6.6666666667E-01
  934    1.0000000000E+01  1.0000000000E+00
  935    1.0000000000E+01  1.3333333333E+00
  936    1.0000000000E+01  1.6666666667E+00
  937    1.0000000000E+01  2.0000000000E+00
  938    1.0000000000E+01  2.3333333333E+00
  939    1.0000000000E+01  2.6666666667E+00
  940    1.0000000000E+01  3.0000000000E+00
  941    1.0000000000E+01  3.3333333333E+00
  942    1.0000000000E+01  3.6666666667E+00
  943    1.0000000000E+01  4.0000000000E+00
  944    1.0000000000E+01  4.3333333333E+00
  945    1.0000000000E+01  4.6666666667E+00
  946    1.0000000000E+01  5.0000000000E+00
  947    1.0000000000E+01  5.3333333333E+00
  948    1.0000000000E+01  5.6666666667E+00
  949    1.0000000000E+01  6.0000000000E+00
  950    1.0000000000E+01  6.3333333333E+00
  951    1.0000000000E+01  6.6666666667E+00
  952    1.0000000000E+01  7.0000000000E+00
  953    1.0000000000E+01  7.3333333333E+00
  954    1.0000000000E+01  7.6666666667E+00
  955    1.0000000000E+01  8.0000000000E+00
  956    1.0000000000E+01  8.3333333333E+00
  957    1.0000000000E+01  8.6666666667E+00
  958    1.0000000000E+01  9.0000000000E+00
  959    1.0000000000E+01  9.3333333333E+00
  960    1.0000000000E+01  9.6666666667E+00
  961    1.0000000000E+01  1.0000000000E+01
